1200                        //Material - Elephant/////////////////////////////
700                                      Camel
500 1000                                 Horse
300 600                                  Dog
200 400                                  Cat
1000 1300 1500 1600 1700 1800 1900 2000  Rabbit

-25 -15 -10  -5             //Start position weights//////////////////////////
-15 -10 -5   -5
-10  -5 -200  5
 -5   0  20   15            //Elephant
 -5   0  10   15
 -5   0 -200  0
-10  -5   0  -5
-15  -10 -10 -10

-20 -10  -5    -3            //Camel
-10  -5  -25   -3
-100 -25 -50  -10
 -5   -5 -10   -5
 -5   0    0   10
 -5   5  -50   15
-10  -5   5    -5
-15  -10 -10  -10

-15 -10   -5   -3            //Horse
-10  -5  -15   -3
  0 -15  -25  -10
  0   5  -10    5
 -5   5   10   15
 -5   0  -25   0
-10  -5   0    -5
-15  -10 -10  -10

-15 -10   -5   -3            //Dog
-10  -5  -15   -3
-10 -15  -20  -10
  0   0  -10    0
 -5   0    5    5
 -5   0  -20   20
-10  -5   15    10
-15  -10 -10    10

-15 -10   -5   -3            //Cat
-10  -5  -10   -3
-5  -10  -15  -10
  0   0  -10    0
 -5   0    5    5
 -5   0  -10   15
-10  -5   20    10
-15  -10 -10    5

25000 25000 25000 25000            //Rabbit
50    0      -5    -5
5   -10     -10   -10
0    -5     -15   -20
0    -5     -10   -20
0    -10    -15   -10
10    5       0    -5
15    15     15    15

-75                       //Frozen Penalties - Camel//////////////////////////
-50 -100                                       Horse
-25 -50                                        Dog
-10 -20                                        Cat
-1 -2 -4 -7 -10 -13 -17 -20                    Rabbit

